39.1628064 -76.8496814 1436314918.0
39.1664523 -76.8509055 1436314953.0
39.1666575 -76.8511182 1436314956.0
39.1667719 -76.8512171 1436314957.0
39.1668801 -76.8513100 1436314958.0
39.1669882 -76.8513997 1436314959.0
39.1670811 -76.8514732 1436314960.0
39.1671669 -76.8515333 1436314961.0
39.1672276 -76.8515943 1436314962.0
39.1672612 -76.8516547 1436314963.0
39.1672848 -76.8516956 1436314964.0
39.1673029 -76.8516549 1436314965.0
39.1673256 -76.8516593 1436314966.0
39.1673944 -76.8516354 1436314967.0
39.1674772 -76.8515645 1436314968.0
39.1675592 -76.8514864 1436314969.0
39.1676480 -76.8513928 1436314970.0
39.1677523 -76.8512877 1436314971.0
39.1678584 -76.8511845 1436314972.0
39.1679800 -76.8510519 1436314973.0
39.1681067 -76.8509328 1436314974.0
39.1682407 -76.8508029 1436314975.0
39.1683708 -76.8506759 1436314976.0
39.1685007 -76.8505384 1436314977.0
39.1686312 -76.8504130 1436314978.0
39.1687889 -76.8503013 1436314979.0
39.1689164 -76.8501679 1436314980.0
39.1690517 -76.8500254 1436314981.0
39.1691761 -76.8498842 1436314982.0
39.1693117 -76.8497460 1436314983.0
39.1694396 -76.8495998 1436314984.0
39.1695532 -76.8494411 1436314985.0
39.1696561 -76.8492784 1436314986.0
39.1697577 -76.8491127 1436314987.0
39.1698394 -76.8489230 1436314988.0
39.1699136 -76.8487225 1436314989.0
39.1699724 -76.8485158 1436314990.0
39.1700180 -76.8483061 1436314991.0
39.1700513 -76.8480999 1436314992.0
39.1700709 -76.8478857 1436314993.0
39.1700752 -76.8476836 1436314994.0
39.1700662 -76.8474628 1436314995.0
39.1700386 -76.8472455 1436314996.0
39.1700041 -76.8470354 1436314997.0
39.1699556 -76.8468345 1436314998.0
39.1698911 -76.8466265 1436314999.0
39.1698219 -76.8464382 1436315000.0
39.1697328 -76.8462531 1436315001.0
39.1696361 -76.8460744 1436315002.0
39.1695343 -76.8458938 1436315003.0
39.1694297 -76.8457238 1436315004.0
39.1693270 -76.8455468 1436315005.0
39.1692216 -76.8453730 1436315006.0
39.1691170 -76.8451974 1436315007.0
39.1690100 -76.8450312 1436315008.0
39.1688938 -76.8448597 1436315009.0
39.1687898 -76.8446934 1436315010.0
39.1686828 -76.8445198 1436315011.0
39.1685699 -76.8443630 1436315012.0
39.1684391 -76.8442001 1436315013.0
39.1683318 -76.8440542 1436315014.0
39.1682127 -76.8438944 1436315015.0
39.1680922 -76.8437386 1436315016.0
39.1679637 -76.8435789 1436315017.0
39.1678446 -76.8434216 1436315018.0
39.1677152 -76.8432687 1436315019.0
39.1675866 -76.8431250 1436315020.0
39.1674560 -76.8429761 1436315021.0
39.1673239 -76.8428356 1436315022.0
39.1671913 -76.8426854 1436315023.0
39.1670578 -76.8425371 1436315024.0
39.1669138 -76.8423957 1436315025.0
39.1667854 -76.8422584 1436315026.0
39.1666672 -76.8421011 1436315027.0
39.1665669 -76.8419331 1436315028.0
39.1664719 -76.8417529 1436315029.0
39.1663962 -76.8415654 1436315030.0
39.1663402 -76.8413667 1436315031.0
39.1663005 -76.8411678 1436315032.0
39.1662753 -76.8409569 1436315033.0
39.1662596 -76.8407504 1436315034.0
39.1662641 -76.8405272 1436315035.0
39.1662843 -76.8403133 1436315036.0
39.1663282 -76.8400967 1436315037.0
39.1663828 -76.8398887 1436315038.0
39.1664617 -76.8396961 1436315039.0
39.1665397 -76.8395142 1436315040.0
39.1666401 -76.8393324 1436315041.0
39.1667400 -76.8391682 1436315042.0
39.1668483 -76.8390080 1436315043.0
39.1669570 -76.8388719 1436315044.0
39.1670764 -76.8387419 1436315045.0
39.1671873 -76.8385924 1436315046.0
39.1672926 -76.8384380 1436315047.0
39.1673954 -76.8382882 1436315048.0
39.1675122 -76.8381485 1436315049.0
39.1676144 -76.8380023 1436315050.0
39.1677274 -76.8378467 1436315051.0
39.1678312 -76.8376958 1436315052.0
39.1679363 -76.8375543 1436315053.0
39.1680579 -76.8374546 1436315054.0
39.1681882 -76.8373553 1436315055.0
39.1683171 -76.8372816 1436315056.0
39.1684470 -76.8372245 1436315057.0
39.1685765 -76.8371805 1436315058.0
39.1687201 -76.8371556 1436315059.0
39.1688542 -76.8371466 1436315060.0
39.1689982 -76.8371619 1436315061.0
39.1691339 -76.8371842 1436315062.0
39.1692736 -76.8372426 1436315063.0
39.1693985 -76.8373073 1436315064.0
39.1695314 -76.8373923 1436315065.0
39.1696555 -76.8374913 1436315066.0
39.1697687 -76.8375924 1436315067.0
39.1698662 -76.8377373 1436315068.0
39.1699635 -76.8378667 1436315069.0
39.1700494 -76.8379957 1436315070.0
39.1701386 -76.8381292 1436315071.0
39.1702297 -76.8382585 1436315072.0
39.1703166 -76.8383984 1436315073.0
39.1704032 -76.8385271 1436315074.0
39.1704826 -76.8386630 1436315075.0
39.1705784 -76.8388183 1436315076.0
39.1706636 -76.8389451 1436315077.0
39.1707552 -76.8390836 1436315078.0
39.1708477 -76.8392224 1436315079.0
39.1709391 -76.8393592 1436315080.0
39.1710289 -76.8394909 1436315081.0
39.1711179 -76.8396381 1436315082.0
39.1712095 -76.8397805 1436315083.0
39.1712960 -76.8399334 1436315084.0
39.1713973 -76.8400857 1436315085.0
39.1715118 -76.8402450 1436315086.0
39.1716134 -76.8404124 1436315087.0
39.1717049 -76.8405808 1436315088.0
39.1718139 -76.8407304 1436315089.0
39.1719158 -76.8408668 1436315090.0
39.1720439 -76.8410327 1436315091.0
39.1721366 -76.8411724 1436315092.0
39.1722396 -76.8413245 1436315093.0
39.1723324 -76.8414717 1436315094.0
39.1724307 -76.8416292 1436315095.0
39.1725323 -76.8417832 1436315096.0
39.1726281 -76.8419319 1436315097.0
39.1727288 -76.8420825 1436315098.0
39.1728183 -76.8422240 1436315099.0
39.1728824 -76.8423418 1436315100.0
39.1729674 -76.8424560 1436315101.0
39.1730408 -76.8425843 1436315102.0
39.1731114 -76.8426560 1436315103.0
39.1731782 -76.8427396 1436315104.0
39.1732309 -76.8428048 1436315105.0
39.1732676 -76.8428501 1436315106.0
39.1733102 -76.8428986 1436315107.0
39.1733154 -76.8428792 1436315108.0
39.1733586 -76.8428863 1436315109.0
39.1733999 -76.8428732 1436315110.0
39.1734550 -76.8428274 1436315111.0
39.1735128 -76.8427494 1436315112.0
39.1735666 -76.8426397 1436315113.0
39.1736294 -76.8425241 1436315114.0
39.1737026 -76.8423872 1436315115.0
39.1737844 -76.8422525 1436315116.0
39.1738716 -76.8421046 1436315117.0
39.1740484 -76.8417906 1436315119.0
39.1742344 -76.8414663 1436315121.0
39.1743213 -76.8413103 1436315122.0
39.1744065 -76.8411528 1436315123.0
39.1744855 -76.8409981 1436315124.0
39.1745648 -76.8408407 1436315125.0
39.1746369 -76.8406956 1436315126.0
39.1747128 -76.8405451 1436315127.0
39.1747824 -76.8404138 1436315128.0
39.1748547 -76.8402822 1436315129.0
39.1749220 -76.8401691 1436315130.0
39.1749896 -76.8400742 1436315131.0
39.1750520 -76.8400037 1436315132.0
39.1751112 -76.8399462 1436315133.0
39.1751558 -76.8399138 1436315134.0
39.1751926 -76.8398927 1436315135.0
39.1752155 -76.8398869 1436315136.0
39.1752290 -76.8398789 1436315137.0
39.1752328 -76.8398754 1436315138.0
39.1752331 -76.8398729 1436315139.0
39.1752358 -76.8398748 1436315140.0
39.1752362 -76.8398775 1436315141.0
39.1752365 -76.8398738 1436315142.0
39.1752377 -76.8398713 1436315143.0
39.1752382 -76.8398680 1436315144.0
39.1752388 -76.8398680 1436315145.0
39.1752395 -76.8398674 1436315146.0
39.1752394 -76.8398668 1436315147.0
39.1752388 -76.8398655 1436315148.0
39.1752375 -76.8398636 1436315149.0
39.1752372 -76.8398642 1436315150.0
39.1752370 -76.8398644 1436315151.0
39.1752367 -76.8398645 1436315152.0
39.1752366 -76.8398646 1436315153.0
39.1752366 -76.8398646 1436315154.0
39.1752365 -76.8398646 1436315156.0
39.1752365 -76.8398647 1436315157.0
39.1752365 -76.8398647 1436315158.0
39.1752364 -76.8398647 1436315159.0
39.1752364 -76.8398647 1436315160.0
39.1752386 -76.8398639 1436315161.0
39.1752523 -76.8398552 1436315162.0
39.1752436 -76.8398506 1436315163.0
39.1752474 -76.8398431 1436315164.0
39.1752500 -76.8398467 1436315165.0
39.1752477 -76.8398493 1436315166.0
39.1752478 -76.8398542 1436315167.0
39.1752487 -76.8398568 1436315168.0
39.1752504 -76.8398615 1436315169.0
39.1752526 -76.8398658 1436315170.0
39.1752537 -76.8398644 1436315171.0
39.1752537 -76.8398644 1436315172.0
39.1752537 -76.8398695 1436315173.0
39.1752550 -76.8398723 1436315174.0
39.1752547 -76.8398729 1436315175.0
39.1752543 -76.8398731 1436315176.0
39.1752540 -76.8398731 1436315177.0
39.1752538 -76.8398731 1436315178.0
39.1752539 -76.8398731 1436315179.0
39.1752538 -76.8398732 1436315181.0
39.1752538 -76.8398732 1436315182.0
39.1752538 -76.8398732 1436315183.0
39.1752538 -76.8398732 1436315184.0
39.1752538 -76.8398732 1436315185.0
39.1752538 -76.8398733 1436315186.0
39.1752538 -76.8398733 1436315187.0
39.1752538 -76.8398733 1436315188.0
39.1752538 -76.8398733 1436315189.0
39.1752538 -76.8398733 1436315190.0
39.1752537 -76.8398734 1436315191.0
39.1752537 -76.8398734 1436315192.0
39.1752537 -76.8398734 1436315193.0
39.1752537 -76.8398734 1436315194.0
39.1752536 -76.8398734 1436315195.0
39.1752536 -76.8398735 1436315196.0
39.1752535 -76.8398734 1436315197.0
39.1752536 -76.8398734 1436315198.0
39.1752535 -76.8398735 1436315199.0
39.1752535 -76.8398734 1436315200.0
39.1752561 -76.8398724 1436315201.0
39.1752628 -76.8398725 1436315202.0
39.1752785 -76.8398705 1436315203.0
39.1753021 -76.8398586 1436315204.0
39.1753650 -76.8398402 1436315205.0
39.1754748 -76.8398088 1436315206.0
39.1755500 -76.8398078 1436315207.0
39.1756292 -76.8397960 1436315208.0
39.1757179 -76.8397981 1436315209.0
39.1757947 -76.8397920 1436315210.0
39.1759056 -76.8397975 1436315211.0
39.1760158 -76.8398102 1436315212.0
39.1761266 -76.8398252 1436315213.0
39.1762427 -76.8398500 1436315214.0
39.1763464 -76.8398780 1436315215.0
39.1764442 -76.8399043 1436315216.0
39.1765471 -76.8399275 1436315217.0
39.1766275 -76.8399456 1436315218.0
39.1767054 -76.8399490 1436315219.0
39.1767578 -76.8399256 1436315220.0
39.1768071 -76.8398707 1436315221.0
39.1768291 -76.8397916 1436315222.0
39.1768541 -76.8396944 1436315223.0
39.1768815 -76.8396010 1436315224.0
39.1769017 -76.8395095 1436315225.0
39.1769030 -76.8394430 1436315226.0
39.1768893 -76.8393874 1436315227.0
39.1768596 -76.8393444 1436315228.0
39.1768211 -76.8393248 1436315229.0
39.1767859 -76.8393126 1436315230.0
39.1767500 -76.8393222 1436315231.0
39.1767232 -76.8393547 1436315232.0
39.1767126 -76.8394074 1436315233.0
39.1766992 -76.8394597 1436315234.0
39.1766954 -76.8395281 1436315235.0
39.1766744 -76.8395873 1436315236.0
39.1766463 -76.8396375 1436315237.0
39.1766036 -76.8396681 1436315238.0
39.1765616 -76.8396766 1436315239.0
39.1765218 -76.8396916 1436315240.0
39.1764903 -76.8396654 1436315241.0
39.1764617 -76.8396681 1436315242.0
39.1764409 -76.8396819 1436315243.0
39.1764279 -76.8397061 1436315244.0
39.1764297 -76.8397337 1436315245.0
39.1764340 -76.8397444 1436315246.0
39.1764359 -76.8397401 1436315247.0
39.1764372 -76.8397419 1436315248.0
39.1764356 -76.8397421 1436315249.0
39.1764343 -76.8397408 1436315250.0
39.1764346 -76.8397440 1436315251.0
39.1764334 -76.8397440 1436315252.0
39.1764314 -76.8397445 1436315253.0
39.1764314 -76.8397445 1436315254.0
39.1764353 -76.8397526 1436315255.0
39.1764363 -76.8397546 1436315256.0
39.1764366 -76.8397556 1436315257.0
39.1764370 -76.8397571 1436315258.0
39.1764370 -76.8397567 1436315259.0
39.1764369 -76.8397567 1436315261.0
39.1764369 -76.8397566 1436315262.0
39.1764368 -76.8397566 1436315263.0
39.1764367 -76.8397566 1436315264.0
39.1764367 -76.8397566 1436315265.0
39.1764366 -76.8397565 1436315266.0
39.1764366 -76.8397565 1436315267.0
39.1764365 -76.8397565 1436315268.0
39.1764365 -76.8397564 1436315269.0
39.1764365 -76.8397564 1436315270.0
39.1764364 -76.8397563 1436315271.0
39.1764364 -76.8397563 1436315272.0
39.1764364 -76.8397563 1436315273.0
39.1764364 -76.8397562 1436315274.0
39.1764363 -76.8397561 1436315275.0
39.1764362 -76.8397560 1436315276.0
39.1764361 -76.8397561 1436315277.0
39.1764361 -76.8397561 1436315278.0
39.1764361 -76.8397561 1436315279.0
39.1764360 -76.8397560 1436315280.0
39.1764360 -76.8397561 1436315281.0
39.1764360 -76.8397561 1436315282.0
39.1764360 -76.8397560 1436315283.0
39.1764359 -76.8397560 1436315284.0
39.1764359 -76.8397560 1436315285.0
39.1764358 -76.8397560 1436315286.0
39.1764358 -76.8397560 1436315287.0
39.1764358 -76.8397559 1436315288.0
39.1764358 -76.8397559 1436315289.0
39.1764357 -76.8397558 1436315290.0
39.1764357 -76.8397558 1436315291.0
39.1764357 -76.8397558 1436315292.0
39.1764357 -76.8397557 1436315293.0
39.1764357 -76.8397557 1436315294.0
39.1764357 -76.8397556 1436315295.0
39.1764357 -76.8397556 1436315296.0
39.1764356 -76.8397555 1436315297.0
39.1764357 -76.8397554 1436315298.0
39.1764356 -76.8397553 1436315299.0
39.1764356 -76.8397552 1436315300.0
39.1764356 -76.8397551 1436315301.0
39.1764355 -76.8397550 1436315302.0
39.1764354 -76.8397549 1436315303.0
39.1764354 -76.8397549 1436315304.0
39.1764354 -76.8397548 1436315305.0
39.1764354 -76.8397547 1436315306.0
39.1764354 -76.8397546 1436315307.0
39.1764354 -76.8397545 1436315308.0
39.1764353 -76.8397544 1436315309.0
39.1764353 -76.8397543 1436315310.0
39.1764353 -76.8397542 1436315311.0
39.1764352 -76.8397542 1436315312.0
39.1764352 -76.8397541 1436315313.0
39.1764352 -76.8397540 1436315314.0
39.1764352 -76.8397540 1436315315.0
39.1764351 -76.8397539 1436315316.0
39.1764352 -76.8397539 1436315317.0
39.1764352 -76.8397538 1436315318.0
39.1764351 -76.8397538 1436315319.0
39.1764351 -76.8397537 1436315320.0
39.1764350 -76.8397536 1436315321.0
39.1764350 -76.8397536 1436315322.0
39.1764349 -76.8397534 1436315323.0
39.1764349 -76.8397534 1436315324.0
39.1764348 -76.8397534 1436315325.0
39.1764348 -76.8397533 1436315326.0
39.1764348 -76.8397534 1436315327.0
39.1764348 -76.8397534 1436315328.0
39.1764348 -76.8397534 1436315329.0
39.1764348 -76.8397533 1436315330.0
39.1764347 -76.8397533 1436315331.0
39.1764347 -76.8397532 1436315332.0
39.1764346 -76.8397532 1436315333.0
39.1764346 -76.8397532 1436315334.0
39.1764346 -76.8397532 1436315335.0
39.1764346 -76.8397531 1436315336.0
39.1764346 -76.8397531 1436315337.0
39.1764346 -76.8397530 1436315338.0
39.1764346 -76.8397531 1436315339.0
39.1764347 -76.8397530 1436315340.0
39.1764347 -76.8397530 1436315341.0
39.1764347 -76.8397530 1436315342.0
39.1764347 -76.8397530 1436315343.0
39.1764347 -76.8397529 1436315344.0
39.1764347 -76.8397529 1436315345.0
39.1764347 -76.8397529 1436315346.0
39.1764347 -76.8397529 1436315347.0
39.1764347 -76.8397530 1436315348.0
39.1764348 -76.8397530 1436315349.0
39.1764348 -76.8397530 1436315350.0
39.1764348 -76.8397530 1436315351.0
39.1764347 -76.8397530 1436315352.0
39.1764347 -76.8397529 1436315353.0
39.1764347 -76.8397529 1436315354.0
39.1764347 -76.8397529 1436315355.0
39.1764347 -76.8397529 1436315356.0
39.1764347 -76.8397529 1436315357.0
39.1764346 -76.8397528 1436315358.0
39.1764346 -76.8397528 1436315359.0
39.1764346 -76.8397528 1436315360.0
39.1764346 -76.8397529 1436315361.0
39.1764345 -76.8397529 1436315363.0
39.1764345 -76.8397529 1436315364.0
39.1764345 -76.8397529 1436315365.0
39.1764345 -76.8397529 1436315366.0
39.1764345 -76.8397529 1436315367.0
39.1764346 -76.8397530 1436315368.0
39.1764346 -76.8397530 1436315369.0
39.1764346 -76.8397530 1436315370.0
39.1764346 -76.8397530 1436315371.0
39.1764346 -76.8397531 1436315372.0
39.1764346 -76.8397531 1436315373.0
39.1764347 -76.8397531 1436315374.0
39.1764347 -76.8397531 1436315375.0
39.1764348 -76.8397531 1436315376.0
39.1764348 -76.8397531 1436315377.0
39.1764348 -76.8397531 1436315378.0
39.1764348 -76.8397530 1436315379.0
39.1764348 -76.8397529 1436315380.0
39.1764347 -76.8397529 1436315381.0
39.1764347 -76.8397528 1436315382.0
39.1764348 -76.8397527 1436315383.0
39.1764348 -76.8397525 1436315385.0
39.1764348 -76.8397524 1436315386.0
39.1764348 -76.8397523 1436315387.0
39.1764348 -76.8397522 1436315388.0
39.1764348 -76.8397522 1436315389.0
39.1764348 -76.8397522 1436315390.0
39.1764348 -76.8397521 1436315391.0
39.1764347 -76.8397521 1436315392.0
39.1764347 -76.8397521 1436315393.0
39.1764347 -76.8397521 1436315394.0
39.1764348 -76.8397522 1436315395.0
39.1764348 -76.8397522 1436315396.0
39.1764349 -76.8397522 1436315398.0
39.1764349 -76.8397522 1436315399.0
39.1764349 -76.8397523 1436315400.0
39.1764350 -76.8397523 1436315401.0
39.1764349 -76.8397522 1436315402.0
39.1764349 -76.8397522 1436315403.0
39.1764349 -76.8397522 1436315404.0
39.1764350 -76.8397521 1436315405.0
39.1764349 -76.8397520 1436315407.0
39.1764349 -76.8397520 1436315408.0
39.1764349 -76.8397520 1436315409.0
39.1764349 -76.8397519 1436315410.0
39.1764348 -76.8397518 1436315411.0
39.1764348 -76.8397518 1436315412.0
39.1764347 -76.8397517 1436315413.0
39.1764347 -76.8397516 1436315414.0
39.1764346 -76.8397515 1436315415.0
39.1764345 -76.8397514 1436315416.0
39.1764344 -76.8397514 1436315417.0
39.1764343 -76.8397513 1436315418.0
39.1764342 -76.8397512 1436315419.0
39.1764341 -76.8397512 1436315420.0
39.1764341 -76.8397512 1436315421.0
39.1764340 -76.8397512 1436315422.0
39.1764340 -76.8397511 1436315423.0
39.1764339 -76.8397510 1436315424.0
39.1764338 -76.8397510 1436315425.0
39.1764337 -76.8397510 1436315426.0
39.1764337 -76.8397509 1436315427.0
39.1764336 -76.8397508 1436315428.0
39.1764335 -76.8397507 1436315429.0
39.1764334 -76.8397507 1436315430.0
39.1764334 -76.8397506 1436315431.0
39.1764333 -76.8397505 1436315432.0
39.1764332 -76.8397506 1436315433.0
39.1764332 -76.8397505 1436315434.0
39.1764330 -76.8397504 1436315435.0
39.1764330 -76.8397504 1436315436.0
39.1764329 -76.8397504 1436315437.0
39.1764328 -76.8397503 1436315438.0
39.1764327 -76.8397503 1436315439.0
39.1764326 -76.8397502 1436315440.0
39.1764325 -76.8397501 1436315441.0
39.1764325 -76.8397501 1436315442.0
39.1764324 -76.8397501 1436315443.0
39.1764324 -76.8397501 1436315444.0
39.1764323 -76.8397500 1436315445.0
39.1764323 -76.8397500 1436315446.0
39.1764323 -76.8397499 1436315447.0
39.1764323 -76.8397499 1436315448.0
39.1764322 -76.8397498 1436315449.0
39.1764322 -76.8397498 1436315450.0
39.1764322 -76.8397497 1436315451.0
39.1764321 -76.8397496 1436315452.0
39.1764321 -76.8397495 1436315453.0
39.1764322 -76.8397495 1436315454.0
39.1764321 -76.8397494 1436315455.0
39.1764321 -76.8397494 1436315456.0
39.1764321 -76.8397493 1436315457.0
39.1764321 -76.8397493 1436315458.0
39.1764321 -76.8397492 1436315460.0
39.1764321 -76.8397491 1436315461.0
39.1764321 -76.8397492 1436315462.0
39.1764321 -76.8397491 1436315463.0
39.1764321 -76.8397491 1436315464.0
39.1764321 -76.8397491 1436315465.0
39.1764322 -76.8397491 1436315466.0
39.1764322 -76.8397491 1436315467.0
39.1764322 -76.8397492 1436315468.0
39.1764322 -76.8397492 1436315469.0
39.1764322 -76.8397492 1436315470.0
39.1764322 -76.8397491 1436315471.0
39.1764322 -76.8397491 1436315472.0
39.1764322 -76.8397491 1436315473.0
39.1764322 -76.8397490 1436315474.0
39.1764322 -76.8397490 1436315475.0
39.1764322 -76.8397489 1436315476.0
39.1764322 -76.8397489 1436315477.0
39.1764321 -76.8397489 1436315478.0
39.1764321 -76.8397489 1436315479.0
39.1764321 -76.8397489 1436315480.0
39.1764321 -76.8397490 1436315481.0
39.1764321 -76.8397490 1436315482.0
39.1764321 -76.8397490 1436315483.0
39.1764320 -76.8397490 1436315484.0
39.1764320 -76.8397490 1436315485.0
39.1764319 -76.8397490 1436315486.0
39.1764319 -76.8397490 1436315487.0
39.1764318 -76.8397490 1436315488.0
39.1764318 -76.8397490 1436315489.0
39.1764318 -76.8397490 1436315490.0
39.1764318 -76.8397490 1436315491.0
39.1764317 -76.8397490 1436315492.0
39.1764317 -76.8397491 1436315493.0
39.1764317 -76.8397491 1436315494.0
39.1764317 -76.8397491 1436315495.0
39.1764316 -76.8397491 1436315496.0
39.1764316 -76.8397492 1436315497.0
39.1764316 -76.8397492 1436315498.0
39.1764316 -76.8397492 1436315499.0
39.1764317 -76.8397493 1436315500.0
39.1764317 -76.8397494 1436315501.0
39.1764317 -76.8397494 1436315502.0
39.1764316 -76.8397495 1436315503.0
39.1764316 -76.8397495 1436315504.0
39.1764316 -76.8397496 1436315505.0
39.1764316 -76.8397496 1436315506.0
39.1764316 -76.8397496 1436315507.0
39.1764316 -76.8397496 1436315508.0
39.1764315 -76.8397496 1436315509.0
39.1764315 -76.8397495 1436315510.0
39.1764315 -76.8397495 1436315511.0
39.1764315 -76.8397495 1436315512.0
39.1764315 -76.8397495 1436315513.0
39.1764315 -76.8397494 1436315514.0
39.1764315 -76.8397494 1436315515.0
39.1764314 -76.8397493 1436315516.0
39.1764314 -76.8397493 1436315517.0
39.1764314 -76.8397494 1436315518.0
39.1764313 -76.8397494 1436315520.0
39.1764313 -76.8397494 1436315521.0
39.1764312 -76.8397494 1436315522.0
39.1764312 -76.8397494 1436315523.0
39.1764312 -76.8397494 1436315524.0
39.1764311 -76.8397495 1436315526.0
39.1764311 -76.8397495 1436315527.0
39.1764311 -76.8397495 1436315528.0
39.1764311 -76.8397496 1436315529.0
39.1764311 -76.8397496 1436315530.0
39.1764310 -76.8397496 1436315531.0
39.1764310 -76.8397496 1436315532.0
39.1764310 -76.8397496 1436315533.0
39.1764310 -76.8397496 1436315534.0
39.1764309 -76.8397496 1436315535.0
39.1764308 -76.8397496 1436315536.0
39.1764308 -76.8397496 1436315537.0
39.1764308 -76.8397496 1436315538.0
39.1764307 -76.8397495 1436315539.0
39.1764306 -76.8397495 1436315540.0
39.1764306 -76.8397495 1436315541.0
39.1764306 -76.8397495 1436315542.0
39.1764305 -76.8397495 1436315543.0
39.1764305 -76.8397495 1436315544.0
39.1764305 -76.8397495 1436315545.0
39.1764304 -76.8397494 1436315546.0
39.1764304 -76.8397494 1436315547.0
39.1764304 -76.8397493 1436315548.0
39.1764304 -76.8397493 1436315549.0
39.1764303 -76.8397492 1436315551.0
39.1764303 -76.8397492 1436315552.0
39.1764302 -76.8397491 1436315553.0
39.1764302 -76.8397491 1436315554.0
39.1764302 -76.8397491 1436315555.0
39.1764301 -76.8397490 1436315556.0
39.1764300 -76.8397489 1436315557.0
39.1764303 -76.8397475 1436315558.0
39.1764296 -76.8397367 1436315559.0
39.1764317 -76.8397233 1436315560.0
39.1764321 -76.8397060 1436315561.0
39.1764302 -76.8396883 1436315562.0
39.1764266 -76.8396752 1436315563.0
39.1764250 -76.8396823 1436315564.0
39.1764240 -76.8396787 1436315565.0
39.1764352 -76.8396861 1436315566.0
39.1764536 -76.8396920 1436315567.0
39.1764674 -76.8396956 1436315568.0
39.1765338 -76.8396992 1436315569.0
39.1765785 -76.8396945 1436315570.0
39.1766236 -76.8396787 1436315571.0
39.1766618 -76.8396474 1436315572.0
39.1766932 -76.8395993 1436315573.0
39.1767244 -76.8395607 1436315574.0
39.1767171 -76.8394500 1436315575.0
39.1767256 -76.8394031 1436315576.0
39.1767366 -76.8393499 1436315577.0
39.1767653 -76.8393172 1436315578.0
39.1767992 -76.8392940 1436315579.0
39.1768442 -76.8393038 1436315580.0
39.1768751 -76.8393046 1436315581.0
39.1768878 -76.8393102 1436315582.0
39.1769029 -76.8393088 1436315583.0
39.1768968 -76.8393122 1436315584.0
39.1769001 -76.8393126 1436315585.0
39.1769029 -76.8393148 1436315586.0
39.1769059 -76.8393175 1436315587.0
39.1769091 -76.8393219 1436315588.0
39.1769094 -76.8393224 1436315589.0
39.1769163 -76.8393249 1436315590.0
39.1769294 -76.8393293 1436315591.0
39.1769455 -76.8393562 1436315592.0
39.1769628 -76.8393938 1436315593.0
39.1769753 -76.8394660 1436315594.0
39.1769460 -76.8395872 1436315595.0
39.1769303 -76.8396666 1436315596.0
39.1769126 -76.8397418 1436315597.0
39.1769008 -76.8398007 1436315598.0
39.1768928 -76.8398445 1436315599.0
39.1768896 -76.8398726 1436315600.0
39.1768875 -76.8398839 1436315601.0
39.1768872 -76.8398897 1436315602.0
39.1768878 -76.8398887 1436315603.0
39.1768870 -76.8398835 1436315604.0
39.1768871 -76.8398814 1436315605.0
39.1768866 -76.8398841 1436315606.0
39.1768819 -76.8399073 1436315607.0
39.1768786 -76.8399329 1436315608.0
39.1768787 -76.8399587 1436315609.0
39.1768544 -76.8400060 1436315610.0
39.1768028 -76.8400404 1436315611.0
39.1767365 -76.8400589 1436315612.0
39.1766588 -76.8400562 1436315613.0
39.1765669 -76.8400457 1436315614.0
39.1764625 -76.8400450 1436315615.0
39.1763631 -76.8400401 1436315616.0
39.1762608 -76.8400339 1436315617.0
39.1761755 -76.8400097 1436315618.0
39.1760840 -76.8399897 1436315619.0
39.1760126 -76.8399740 1436315620.0
39.1759470 -76.8399637 1436315621.0
39.1759003 -76.8399540 1436315622.0
39.1758690 -76.8399470 1436315623.0
39.1758528 -76.8399411 1436315624.0
39.1758487 -76.8399451 1436315625.0
39.1758498 -76.8399443 1436315626.0
39.1758504 -76.8399452 1436315627.0
39.1758521 -76.8399458 1436315628.0
39.1758555 -76.8399444 1436315629.0
39.1758546 -76.8399417 1436315630.0
39.1758520 -76.8399429 1436315631.0
39.1758505 -76.8399421 1436315632.0
39.1758496 -76.8399416 1436315633.0
39.1758472 -76.8399389 1436315634.0
39.1758452 -76.8399386 1436315635.0
39.1758446 -76.8399385 1436315636.0
39.1758443 -76.8399383 1436315637.0
39.1758443 -76.8399383 1436315638.0
39.1758441 -76.8399384 1436315639.0
39.1758441 -76.8399384 1436315640.0
39.1758441 -76.8399383 1436315641.0
39.1758441 -76.8399383 1436315642.0
39.1758441 -76.8399383 1436315643.0
39.1758441 -76.8399382 1436315644.0
39.1758441 -76.8399382 1436315645.0
39.1758440 -76.8399382 1436315646.0
39.1758440 -76.8399382 1436315647.0
39.1758440 -76.8399382 1436315648.0
39.1758440 -76.8399382 1436315649.0
39.1758440 -76.8399382 1436315650.0
39.1758440 -76.8399382 1436315651.0
39.1758440 -76.8399382 1436315652.0
39.1758440 -76.8399382 1436315653.0
39.1758439 -76.8399382 1436315654.0
39.1758439 -76.8399382 1436315655.0
39.1758439 -76.8399382 1436315656.0
39.1758363 -76.8399369 1436315657.0
39.1758043 -76.8399340 1436315658.0
39.1757641 -76.8399306 1436315659.0
39.1757138 -76.8399128 1436315660.0
39.1756607 -76.8398891 1436315661.0
39.1756140 -76.8398391 1436315662.0
39.1755778 -76.8397620 1436315663.0
39.1755681 -76.8396709 1436315664.0
39.1755764 -76.8395614 1436315665.0
39.1755960 -76.8394440 1436315666.0
39.1756150 -76.8393121 1436315667.0
39.1756266 -76.8391688 1436315668.0
39.1756443 -76.8390286 1436315669.0
39.1756592 -76.8388845 1436315670.0
39.1756744 -76.8387166 1436315671.0
39.1756914 -76.8385505 1436315672.0
39.1757116 -76.8383724 1436315673.0
39.1757260 -76.8381923 1436315674.0
39.1757490 -76.8380024 1436315675.0
39.1757679 -76.8378154 1436315676.0
39.1757854 -76.8376249 1436315677.0
39.1758041 -76.8374316 1436315678.0
39.1758201 -76.8372229 1436315679.0
39.1758430 -76.8370138 1436315680.0
39.1758665 -76.8367983 1436315681.0
39.1758851 -76.8365831 1436315682.0
39.1759031 -76.8363670 1436315683.0
39.1759223 -76.8361478 1436315684.0
39.1759436 -76.8359187 1436315685.0
39.1759662 -76.8357052 1436315686.0
39.1759812 -76.8354740 1436315687.0
39.1760030 -76.8352603 1436315688.0
39.1760230 -76.8350319 1436315689.0
39.1760497 -76.8348139 1436315690.0
39.1760769 -76.8346008 1436315691.0
39.1761053 -76.8343898 1436315692.0
39.1761456 -76.8341768 1436315693.0
39.1761928 -76.8339747 1436315694.0
39.1762519 -76.8337771 1436315695.0
39.1763203 -76.8335909 1436315696.0
39.1763966 -76.8334004 1436315697.0
39.1764791 -76.8332172 1436315698.0
39.1765718 -76.8330504 1436315699.0
39.1766717 -76.8328802 1436315700.0
39.1767738 -76.8327048 1436315701.0
39.1768762 -76.8325467 1436315702.0
39.1770796 -76.8321952 1436315704.0
39.1771728 -76.8320162 1436315705.0
39.1772811 -76.8318454 1436315706.0
39.1773855 -76.8316592 1436315707.0
39.1774850 -76.8314838 1436315708.0
39.1775854 -76.8312927 1436315709.0
39.1776812 -76.8311143 1436315710.0
39.1777696 -76.8309370 1436315711.0
39.1778460 -76.8307640 1436315712.0
39.1779236 -76.8305972 1436315713.0
39.1779810 -76.8304560 1436315714.0
39.1780414 -76.8303530 1436315715.0
39.1780847 -76.8302559 1436315716.0
39.1781200 -76.8301744 1436315717.0
39.1781483 -76.8301111 1436315718.0
39.1781676 -76.8300579 1436315719.0
39.1781798 -76.8300256 1436315720.0
39.1781906 -76.8300073 1436315721.0
39.1781935 -76.8299969 1436315722.0
39.1781955 -76.8299909 1436315723.0
39.1781983 -76.8299965 1436315724.0
39.1781984 -76.8299972 1436315725.0
39.1781995 -76.8299925 1436315726.0
39.1781980 -76.8299832 1436315728.0
39.1781993 -76.8299805 1436315729.0
39.1781986 -76.8299800 1436315730.0
39.1781988 -76.8299829 1436315731.0
39.1781975 -76.8299835 1436315732.0
39.1781960 -76.8299837 1436315733.0
39.1781962 -76.8299848 1436315734.0
39.1781964 -76.8299852 1436315735.0
39.1781964 -76.8299850 1436315736.0
39.1781963 -76.8299849 1436315737.0
39.1781963 -76.8299849 1436315738.0
39.1781963 -76.8299849 1436315739.0
39.1781963 -76.8299849 1436315740.0
39.1781963 -76.8299849 1436315741.0
39.1781962 -76.8299849 1436315742.0
39.1781962 -76.8299849 1436315743.0
39.1781962 -76.8299849 1436315744.0
39.1781962 -76.8299849 1436315745.0
39.1781962 -76.8299849 1436315746.0
39.1781962 -76.8299849 1436315747.0
39.1781962 -76.8299849 1436315748.0
39.1781962 -76.8299849 1436315749.0
39.1781962 -76.8299849 1436315750.0
39.1781962 -76.8299849 1436315751.0
39.1781962 -76.8299849 1436315752.0
39.1781962 -76.8299849 1436315753.0
39.1781962 -76.8299849 1436315754.0
39.1781961 -76.8299848 1436315755.0
39.1781961 -76.8299848 1436315756.0
39.1781968 -76.8299835 1436315757.0
39.1782062 -76.8299662 1436315758.0
39.1782205 -76.8299300 1436315759.0
39.1782651 -76.8298309 1436315761.0
39.1782852 -76.8297591 1436315762.0
39.1783178 -76.8296761 1436315763.0
39.1783529 -76.8295829 1436315764.0
39.1783886 -76.8294806 1436315765.0
39.1784302 -76.8293814 1436315766.0
39.1784786 -76.8292835 1436315767.0
39.1785270 -76.8291897 1436315768.0
39.1785730 -76.8290861 1436315769.0
39.1786286 -76.8290022 1436315770.0
39.1786787 -76.8289200 1436315771.0
39.1787283 -76.8288303 1436315772.0
39.1787733 -76.8287370 1436315773.0
39.1788064 -76.8286478 1436315774.0
39.1788383 -76.8285621 1436315775.0
39.1788648 -76.8284868 1436315776.0
39.1788895 -76.8284224 1436315777.0
39.1789072 -76.8283672 1436315778.0
39.1789261 -76.8283249 1436315779.0
39.1789430 -76.8282979 1436315780.0
39.1789469 -76.8282894 1436315781.0
39.1789463 -76.8282889 1436315782.0
39.1789456 -76.8282873 1436315783.0
39.1789459 -76.8282875 1436315784.0
39.1789422 -76.8282845 1436315785.0
39.1789408 -76.8282826 1436315786.0
39.1789416 -76.8282819 1436315787.0
39.1789418 -76.8282800 1436315788.0
39.1789414 -76.8282791 1436315789.0
39.1789406 -76.8282763 1436315790.0
39.1789419 -76.8282766 1436315791.0
39.1789419 -76.8282759 1436315792.0
39.1789421 -76.8282747 1436315793.0
39.1789420 -76.8282743 1436315794.0
39.1789419 -76.8282742 1436315795.0
39.1789419 -76.8282743 1436315796.0
39.1789419 -76.8282743 1436315797.0
39.1789419 -76.8282742 1436315798.0
39.1789420 -76.8282742 1436315799.0
39.1789420 -76.8282742 1436315800.0
39.1789420 -76.8282743 1436315801.0
39.1789420 -76.8282743 1436315802.0
39.1789420 -76.8282744 1436315803.0
39.1789420 -76.8282744 1436315804.0
39.1789420 -76.8282744 1436315805.0
39.1789420 -76.8282743 1436315806.0
39.1789420 -76.8282743 1436315807.0
39.1789420 -76.8282743 1436315808.0
39.1789420 -76.8282743 1436315809.0
39.1789420 -76.8282743 1436315810.0
39.1789420 -76.8282743 1436315811.0
39.1789420 -76.8282742 1436315812.0
39.1789420 -76.8282742 1436315813.0
39.1789420 -76.8282742 1436315814.0
39.1789420 -76.8282742 1436315815.0
39.1789420 -76.8282742 1436315816.0
39.1789420 -76.8282742 1436315817.0
39.1789420 -76.8282742 1436315818.0
39.1789420 -76.8282742 1436315819.0
39.1789421 -76.8282742 1436315820.0
39.1789421 -76.8282742 1436315821.0
39.1789421 -76.8282742 1436315822.0
39.1789421 -76.8282742 1436315823.0
39.1789421 -76.8282742 1436315824.0
39.1789421 -76.8282742 1436315825.0
39.1789421 -76.8282742 1436315826.0
39.1789421 -76.8282742 1436315827.0
39.1789422 -76.8282742 1436315828.0
39.1789422 -76.8282742 1436315829.0
39.1789422 -76.8282742 1436315830.0
39.1789422 -76.8282742 1436315831.0
39.1789422 -76.8282742 1436315832.0
39.1789422 -76.8282741 1436315833.0
39.1789421 -76.8282741 1436315834.0
39.1789421 -76.8282741 1436315835.0
39.1789421 -76.8282741 1436315836.0
39.1789421 -76.8282741 1436315837.0
39.1789421 -76.8282741 1436315838.0
39.1789421 -76.8282741 1436315839.0
39.1789420 -76.8282741 1436315840.0
39.1789420 -76.8282741 1436315841.0
39.1789420 -76.8282741 1436315842.0
39.1789420 -76.8282741 1436315843.0
39.1789420 -76.8282741 1436315844.0
39.1789421 -76.8282742 1436315845.0
39.1789421 -76.8282742 1436315846.0
39.1789421 -76.8282742 1436315847.0
39.1789421 -76.8282742 1436315848.0
39.1789421 -76.8282742 1436315849.0
39.1789421 -76.8282742 1436315850.0
39.1789421 -76.8282742 1436315851.0
39.1789421 -76.8282742 1436315852.0
39.1789421 -76.8282742 1436315853.0
39.1789421 -76.8282742 1436315854.0
39.1789421 -76.8282742 1436315855.0
39.1789421 -76.8282743 1436315856.0
39.1789421 -76.8282743 1436315857.0
39.1789420 -76.8282743 1436315858.0
39.1789420 -76.8282743 1436315859.0
39.1789420 -76.8282742 1436315860.0
39.1789420 -76.8282742 1436315861.0
39.1789420 -76.8282743 1436315862.0
39.1789420 -76.8282743 1436315863.0
39.1789420 -76.8282743 1436315864.0
39.1789420 -76.8282743 1436315865.0
39.1789421 -76.8282742 1436315866.0
39.1789420 -76.8282743 1436315867.0
39.1789420 -76.8282742 1436315868.0
39.1789420 -76.8282742 1436315869.0
39.1789420 -76.8282742 1436315870.0
39.1789420 -76.8282741 1436315871.0
39.1789420 -76.8282741 1436315872.0
39.1789420 -76.8282741 1436315873.0
39.1789419 -76.8282741 1436315874.0
39.1789419 -76.8282741 1436315875.0
39.1789419 -76.8282740 1436315876.0
39.1789419 -76.8282740 1436315877.0
39.1789419 -76.8282741 1436315878.0
39.1789419 -76.8282740 1436315879.0
39.1789419 -76.8282740 1436315880.0
39.1789418 -76.8282740 1436315881.0
39.1789419 -76.8282740 1436315882.0
39.1789419 -76.8282741 1436315883.0
39.1789419 -76.8282740 1436315884.0
39.1789419 -76.8282740 1436315885.0
39.1789419 -76.8282740 1436315886.0
39.1789418 -76.8282740 1436315887.0
39.1789418 -76.8282740 1436315889.0
39.1789418 -76.8282739 1436315890.0
39.1789418 -76.8282739 1436315891.0
39.1789418 -76.8282739 1436315892.0
39.1789418 -76.8282739 1436315893.0
39.1789417 -76.8282740 1436315894.0
39.1789433 -76.8282696 1436315895.0
39.1789556 -76.8282369 1436315896.0
39.1789807 -76.8281946 1436315897.0
39.1790282 -76.8281534 1436315898.0
39.1790953 -76.8281390 1436315899.0
39.1791737 -76.8281498 1436315900.0
39.1792704 -76.8282016 1436315901.0
39.1793880 -76.8282762 1436315902.0
39.1795100 -76.8283406 1436315903.0
39.1796481 -76.8283831 1436315904.0
39.1798000 -76.8284081 1436315905.0
39.1799558 -76.8284175 1436315906.0
39.1801255 -76.8283938 1436315907.0
39.1802837 -76.8283453 1436315908.0
39.1804452 -76.8282688 1436315909.0
39.1805984 -76.8281707 1436315910.0
39.1807402 -76.8280514 1436315911.0
39.1808610 -76.8279457 1436315912.0
39.1809748 -76.8277956 1436315913.0
39.1810912 -76.8276492 1436315914.0
39.1811881 -76.8274855 1436315915.0
39.1812792 -76.8273185 1436315916.0
39.1813804 -76.8271587 1436315917.0
39.1814774 -76.8269931 1436315918.0
39.1815699 -76.8268238 1436315919.0
39.1816553 -76.8266557 1436315920.0
39.1817409 -76.8264940 1436315921.0
39.1818274 -76.8263384 1436315922.0
39.1819281 -76.8261866 1436315923.0
39.1820136 -76.8260574 1436315924.0
39.1821277 -76.8259746 1436315925.0
39.1822306 -76.8259085 1436315926.0
39.1823295 -76.8258517 1436315927.0
39.1824211 -76.8258217 1436315928.0
39.1824864 -76.8257768 1436315929.0
39.1825361 -76.8257619 1436315930.0
39.1825832 -76.8257639 1436315931.0
39.1826217 -76.8257513 1436315932.0
39.1825905 -76.8257690 1436315933.0
39.1825882 -76.8257671 1436315934.0
39.1825886 -76.8257604 1436315935.0
39.1825918 -76.8257631 1436315936.0
39.1825922 -76.8257644 1436315937.0
39.1825931 -76.8257670 1436315938.0
39.1825922 -76.8257668 1436315939.0
39.1825926 -76.8257654 1436315940.0
39.1825922 -76.8257631 1436315941.0
39.1825932 -76.8257616 1436315942.0
39.1825948 -76.8257623 1436315943.0
39.1825935 -76.8257614 1436315944.0
39.1825944 -76.8257611 1436315945.0
39.1826142 -76.8257557 1436315946.0
39.1826411 -76.8257396 1436315947.0
39.1826801 -76.8257230 1436315948.0
39.1827358 -76.8257000 1436315949.0
39.1827662 -76.8256433 1436315950.0
39.1827958 -76.8255592 1436315951.0
39.1827919 -76.8254512 1436315952.0
39.1827817 -76.8253263 1436315953.0
39.1827791 -76.8252046 1436315954.0
39.1827835 -76.8250662 1436315955.0
39.1827970 -76.8249259 1436315956.0
39.1828091 -76.8247773 1436315957.0
39.1828367 -76.8246310 1436315958.0
39.1828638 -76.8244872 1436315959.0
39.1829013 -76.8243534 1436315960.0
39.1829523 -76.8242232 1436315961.0
39.1830027 -76.8240968 1436315962.0
39.1830663 -76.8239596 1436315963.0
39.1831334 -76.8238439 1436315964.0
39.1832072 -76.8237277 1436315965.0
39.1832823 -76.8236232 1436315966.0
39.1833651 -76.8235233 1436315967.0
39.1834506 -76.8234331 1436315968.0
39.1835317 -76.8233494 1436315969.0
39.1836044 -76.8232909 1436315970.0
39.1836552 -76.8232308 1436315971.0
39.1836730 -76.8231570 1436315972.0
39.1836565 -76.8230847 1436315973.0
39.1836308 -76.8230304 1436315974.0
39.1835976 -76.8229839 1436315975.0
39.1835709 -76.8229321 1436315976.0
39.1835659 -76.8228798 1436315977.0
39.1835805 -76.8228339 1436315978.0
