39.130440000 -76.794611000 0.0
39.130410000 -76.794553000 1.0
39.130385000 -76.794501000 2.0
39.130364000 -76.794455000 3.0
39.130345000 -76.794414000 4.0
39.130331000 -76.794381000 5.0
39.130322000 -76.794362000 6.0
39.130315000 -76.794344000 7.0
39.130316000 -76.794343000 8.0
39.130316000 -76.794343000 9.0
39.130317000 -76.794342000 10.0
39.130317000 -76.794342000 11.0
39.130318000 -76.794342000 12.0
39.130318000 -76.794341000 13.0
39.130319000 -76.794341000 14.0
39.130319000 -76.794340000 15.0
39.130319000 -76.794340000 16.0
39.130319000 -76.794340000 17.0
39.130321000 -76.794339000 18.0
39.130321000 -76.794339000 19.0
39.130322000 -76.794338000 20.0
39.130322000 -76.794338000 21.0
39.130323000 -76.794338000 22.0
39.130323000 -76.794337000 23.0
39.130324000 -76.794337000 24.0
39.130324000 -76.794336000 25.0
39.130325000 -76.794336000 26.0
39.130325000 -76.794336000 27.0
39.130326000 -76.794335000 28.0
39.130326000 -76.794335000 29.0
39.130327000 -76.794340000 30.0
39.130319000 -76.794334000 31.0
39.130328000 -76.794334000 32.0
39.130328000 -76.794333000 33.0
39.130340000 -76.794287000 34.0
39.130316000 -76.794243000 35.0
39.130286000 -76.794190000 36.0
39.130251000 -76.794130000 37.0
39.130207000 -76.794059000 38.0
39.130158000 -76.793980000 39.0
39.130105000 -76.793891000 40.0
39.130051000 -76.793805000 41.0
39.129997000 -76.793719000 42.0
39.129942000 -76.793629000 43.0
39.129891000 -76.793541000 44.0
39.129838000 -76.793449000 45.0
39.129786000 -76.793353000 46.0
39.129738000 -76.793256000 47.0
39.129692000 -76.793163000 48.0
39.129647000 -76.793067000 49.0
39.129604000 -76.792973000 50.0
39.129563000 -76.792878000 51.0
39.129523000 -76.792784000 52.0
39.129482000 -76.792689000 53.0
39.129441000 -76.792593000 54.0
39.129399000 -76.792501000 55.0
39.129359000 -76.792402000 56.0
39.129307000 -76.792305000 57.0
39.129253000 -76.792215000 58.0
39.129201000 -76.792127000 59.0
39.129148000 -76.792036000 60.0
39.129096000 -76.791947000 61.0
39.129041000 -76.791855000 62.0
